glytoucan_ac,residue_name,residue_id,name,anomer,absolute,ring,parent_id,site,form_name,glycoct_index,limited_to,not_found_in,notes,who,evidence,comment
G21168QR,N-glycan_core_D-GlcNAc_A,NA,GlcNAc,o,D,ol,0,0,GlcolNAc,1,,,validated by Qrator,,PMID: 25165210
G21168QR,N-glycan_core_b-D-GlcpNAc_B,NB,GlcNAc,b,D,p,NA,4,GlcpNAc,3,,,validated by Qrator,,PMID: 25165211
G21168QR,N-glycan_core_b-D-Manp_C,NC,Man,b,D,p,NB,4,Manp,5,,,validated by Qrator,,PMID: 25165212
G21168QR,N-glycan_a-D-Manp_1,N1,Man,a,D,p,NC,3,Manp,6,,,validated by Qrator,,PMID: 25165068
G21168QR,N-glycan_b-D-GlcpNAc_2,N2,GlcNAc,b,D,p,N1,2,GlcpNAc,7,,,validated by Qrator,,PMID: 25165130
G21168QR,N-glycan_a-D-Manp_4,N4,Man,a,D,p,NC,6,Manp,9,,,validated by Qrator,,PMID: 25165152
G21168QR,N-glycan_b-D-GlcpNAc_5,N5,GlcNAc,b,D,p,N4,2,GlcpNAc,10,,,validated by Qrator,,PMID: 25165163
G21168QR,N-glycan_a-L-Fucp_15,N15,Fuc,a,L,p,NA,6,Fucp,13,,,validated by Qrator,,PMID: 25165122
G21168QR,unassigned,11,Gal,b,D,p,N5,x,Galp,11
