glytoucan_ac,residue_name,residue_id,name,anomer,absolute,ring,parent_id,site,form_name,glycoct_index,limited_to,not_found_in,notes,who,evidence,comment
G86389LM,O-glycan_core_a-D-GalpNAc_C,OC,GalNAc,a,D,p,0,0,GalpNAc,1,,,validated by Qrator
G86389LM,O-glycan_b-D-Galp_152,O152,Gal,b,D,p,OC,3,Galp,3,,,validated by Qrator
G86389LM,O-glycan_b-D-GlcpNAc_153,O153,GlcNAc,b,D,p,O152,3,GlcpNAc,4,,,validated by Qrator
G86389LM,unassigned,5,GalNAc,b,D,p,O153,x,GalpNAc,5
