glytoucan_ac,residue_name,residue_id,name,anomer,absolute,ring,parent_id,site,form_name,glycoct_index,limited_to,not_found_in,notes,who,evidence,comment
G94768NG,O-glycan_core_a-D-GalpNAc_C,OC,GalNAc,a,D,p,0,0,GalpNAc,1,,,validated by Qrator
G94768NG,O-glycan_b-D-Galp_152,O152,Gal,b,D,p,OC,3,Galp,3,,,validated by Qrator
G94768NG,O-glycan_b-D-GlcpNAc_153,O153,GlcNAc,b,D,p,O152,3,GlcpNAc,4,,,validated by Qrator
G94768NG,O-glycan_b-D-GlcpNAc_157,O157,GlcNAc,b,D,p,OC,6,GlcpNAc,10,,,validated by Qrator
G94768NG,O-glycan_b-D-Galp_158,O158,Gal,b,D,p,O157,4,Galp,12,,,validated by Qrator
G94768NG,O-glycan_a-L-Fucp_167,O167,Fuc,a,L,p,O158,2,Fucp,13,,,validated by Qrator
G94768NG,O-glycan_b-D-Galp_555,O555,Gal,b,D,p,O153,4,Galp,6,,,not validated
G94768NG,O-glycan_b-D-GlcpNAc_672,O672,GlcNAc,b,D,p,O555,3,GlcpNAc,7,,,not validated
G94768NG,O-glycan_b-D-Galp_731,O731,Gal,b,D,p,O672,4,Galp,9,,,not validated
