glytoucan_ac,residue_name,residue_id,name,anomer,absolute,ring,parent_id,site,form_name,glycoct_index,limited_to,not_found_in,notes,who,evidence,comment
G99518NJ,N-glycan_core_D-GlcNAc_A,NA,GlcNAc,b,D,p,0,0,GlcpNAc,1,,,validated by Qrator,,PMID: 25165210
G99518NJ,N-glycan_core_b-D-GlcpNAc_B,NB,GlcNAc,b,D,p,NA,4,GlcpNAc,3,,,validated by Qrator,,PMID: 25165211
G99518NJ,N-glycan_core_b-D-Manp_C,NC,Man,b,D,p,NB,4,Manp,5,,,validated by Qrator,,PMID: 25165212
G99518NJ,N-glycan_a-D-Manp_1,N1,Man,a,D,p,NC,3,Manp,6,,,validated by Qrator,,PMID: 25165068
G99518NJ,N-glycan_a-D-Manp_4,N4,Man,a,D,p,NC,6,Manp,10,,,validated by Qrator,,PMID: 25165152
G99518NJ,unassigned,7,GlcNAc,x,D,p,N1,x,GlcpNAc,7
G99518NJ,unassigned,9,Gal,b,D,p,7,4,Galp,9
G99518NJ,unassigned,11,GlcNAc,x,D,p,N4,x,GlcpNAc,11
G99518NJ,unassigned,13,Gal,b,D,p,11,4,Galp,13
G99518NJ,unassigned,14,NeuNAc,a,D,p,x,x,NeupNAc,14
G99518NJ,unassigned,16,NeuNAc,a,D,p,x,x,NeupNAc,16
G99518NJ,unassigned,18,NeuNAc,a,D,p,x,x,NeupNAc,18
