glytoucan_ac,residue_name,residue_id,name,anomer,absolute,ring,parent_id,site,formName
G36366CN,unassigned,1,GlcNAc,x,D,p,0,0,GlcpNAc
G36366CN,unassigned,12,Man,a,D,p,5,6,Manp
G36366CN,unassigned,13,GlcNAc,x,D,p,12,x,GlcpNAc
G36366CN,unassigned,3,GlcNAc,b,D,p,1,4,GlcpNAc
G36366CN,unassigned,14,Gal,x,D,p,13,x,Galp
G36366CN,unassigned,5,Man,b,D,p,3,4,Manp
G36366CN,unassigned,16,Fuc,x,L,p,1,6,Fucp
G36366CN,unassigned,6,Man,a,D,p,5,3,Manp
G36366CN,unassigned,17,Fuc,x,L,p,x,x,Fucp
G36366CN,unassigned,7,GlcNAc,x,D,p,6,x,GlcpNAc
G36366CN,unassigned,8,Gal,x,D,p,7,x,Galp
G36366CN,unassigned,10,GlcNAc,x,D,p,5,4,GlcpNAc
