glytoucan_ac,residue_name,residue_id,name,anomer,absolute,ring,parent_id,site,formName
G43761WH,unassigned,1,GlcNAc,b,D,p,0,0,GlcpNAc
G43761WH,unassigned,12,Man,a,D,p,5,6,Manp
G43761WH,unassigned,13,GlcNAc,x,D,p,12,x,GlcpNAc
G43761WH,unassigned,3,GlcNAc,b,D,p,1,4,GlcpNAc
G43761WH,unassigned,14,Gal,x,D,p,13,x,Galp
G43761WH,unassigned,5,Man,b,D,p,3,4,Manp
G43761WH,unassigned,6,Man,a,D,p,5,3,Manp
G43761WH,unassigned,7,GlcNAc,x,D,p,6,x,GlcpNAc
G43761WH,unassigned,8,Gal,x,D,p,7,x,Galp
G43761WH,unassigned,10,GlcNAc,x,D,p,5,4,GlcpNAc
