glytoucan_ac,residue_name,residue_id,name,anomer,absolute,ring,parent_id,site,formName
G47552PT,unassigned,11,Man,x,D,p,10,x,Manp
G47552PT,unassigned,1,GlcNAc,x,D,p,0,0,GlcpNAc
G47552PT,unassigned,12,Man,x,D,p,6,x,Manp
G47552PT,unassigned,13,Man,x,D,p,5,x,Manp
G47552PT,unassigned,3,GlcNAc,x,D,p,1,x,GlcpNAc
G47552PT,unassigned,5,Man,x,D,p,3,x,Manp
G47552PT,unassigned,6,Man,x,D,p,5,x,Manp
G47552PT,unassigned,7,Man,x,D,p,6,x,Manp
G47552PT,unassigned,8,Man,x,D,p,7,x,Manp
G47552PT,unassigned,9,Man,x,D,p,8,x,Manp
G47552PT,unassigned,10,Man,x,D,p,9,x,Manp
