glytoucan_ac,residue_name,residue_id,name,anomer,absolute,ring,parent_id,site,formName
G62165AG,unassigned,11,Gal,x,D,p,10,x,Galp
G62165AG,unassigned,13,Man,a,D,p,5,6,Manp
G62165AG,unassigned,14,GlcNAc,x,D,p,13,x,GlcpNAc
G62165AG,unassigned,15,Gal,x,D,p,14,x,Galp
G62165AG,unassigned,17,GlcNAc,x,D,p,13,x,GlcpNAc
G62165AG,unassigned,18,Gal,x,D,p,17,x,Galp
G62165AG,unassigned,1,GlcNAc,b,D,p,0,0,GlcpNAc
G62165AG,unassigned,3,GlcNAc,b,D,p,1,4,GlcpNAc
G62165AG,unassigned,5,Man,b,D,p,3,4,Manp
G62165AG,unassigned,6,Man,a,D,p,5,3,Manp
G62165AG,unassigned,7,GlcNAc,x,D,p,6,x,GlcpNAc
G62165AG,unassigned,8,Gal,x,D,p,7,x,Galp
G62165AG,unassigned,10,GlcNAc,x,D,p,6,x,GlcpNAc
