glytoucan_ac,residue_name,residue_id,name,anomer,absolute,ring,parent_id,site,formName
G64468KS,unassigned,11,Fuc,a,L,p,10,2,Fucp
G64468KS,unassigned,1,GlcNAc,b,D,p,0,0,GlcpNAc
G64468KS,unassigned,12,Fuc,a,L,p,1,6,Fucp
G64468KS,unassigned,3,GlcNAc,b,D,p,1,4,GlcpNAc
G64468KS,unassigned,5,Man,b,D,p,3,4,Manp
G64468KS,unassigned,6,Man,a,D,p,5,3,Manp
G64468KS,unassigned,7,Man,a,D,p,5,6,Manp
G64468KS,unassigned,8,GlcNAc,b,D,p,7,2,GlcpNAc
G64468KS,unassigned,10,Gal,b,D,p,8,4,Galp
