glytoucan_ac,residue_name,residue_id,name,anomer,absolute,ring,parent_id,site,formName
G71690HK,unassigned,11,Gal,b,D,p,9,3,Galp
G71690HK,unassigned,1,GlcNAc,b,D,p,0,0,GlcpNAc
G71690HK,unassigned,12,Man,a,D,p,5,6,Manp
G71690HK,unassigned,13,GlcNAc,b,D,p,12,2,GlcpNAc
G71690HK,unassigned,3,GlcNAc,b,D,p,1,4,GlcpNAc
G71690HK,unassigned,15,Fuc,a,L,p,1,6,Fucp
G71690HK,unassigned,5,Man,b,D,p,3,4,Manp
G71690HK,unassigned,6,Man,a,D,p,5,3,Manp
G71690HK,unassigned,7,GlcNAc,b,D,p,6,2,GlcpNAc
G71690HK,unassigned,9,GlcNAc,b,D,p,6,4,GlcpNAc
