glytoucan_ac,residue_name,residue_id,name,anomer,absolute,ring,parent_id,site,formName
G73492AT,unassigned,12,Gal,b,D,p,10,4,Galp
G73492AT,unassigned,13,Man,a,D,p,5,6,Manp
G73492AT,unassigned,14,GlcNAc,b,D,p,13,2,GlcpNAc
G73492AT,unassigned,16,Gal,b,D,p,14,4,Galp
G73492AT,unassigned,17,GlcNAc,b,D,p,13,6,GlcpNAc
G73492AT,unassigned,19,Fuc,a,L,p,1,6,Fucp
G73492AT,unassigned,1,GlcNAc,b,D,p,0,0,GlcpNAc
G73492AT,unassigned,3,GlcNAc,b,D,p,1,4,GlcpNAc
G73492AT,unassigned,5,Man,b,D,p,3,4,Manp
G73492AT,unassigned,6,Man,a,D,p,5,3,Manp
G73492AT,unassigned,7,GlcNAc,b,D,p,6,2,GlcpNAc
G73492AT,unassigned,9,Gal,b,D,p,7,4,Galp
G73492AT,unassigned,10,GlcNAc,b,D,p,6,4,GlcpNAc
