glytoucan_ac,residue_name,residue_id,name,anomer,absolute,ring,parent_id,site,formName
G87716HX,unassigned,12,GlcNAc,b,D,p,6,2,GlcpNAc
G87716HX,unassigned,14,Gal,b,D,p,12,4,Galp
G87716HX,unassigned,15,NeuNAc,a,D,p,14,6,NeupNAc
G87716HX,unassigned,17,Man,a,D,p,5,6,Manp
G87716HX,unassigned,18,GlcNAc,b,D,p,17,2,GlcpNAc
G87716HX,unassigned,1,GlcNAc,o,D,ol,0,0,GlcolNAc
G87716HX,unassigned,3,GlcNAc,b,D,p,1,4,GlcpNAc
G87716HX,unassigned,5,Man,b,D,p,3,4,Manp
G87716HX,unassigned,6,Man,a,D,p,5,3,Manp
G87716HX,unassigned,7,GlcNAc,b,D,p,6,x,GlcpNAc
G87716HX,unassigned,9,Gal,b,D,p,7,4,Galp
G87716HX,unassigned,20,Gal,b,D,p,18,4,Galp
G87716HX,unassigned,10,NeuNAc,a,D,p,9,6,NeupNAc
G87716HX,unassigned,21,NeuNAc,a,D,p,20,6,NeupNAc
