glytoucan_ac,residue_name,residue_id,name,anomer,absolute,ring,parent_id,site,formName
G99129GB,unassigned,11,GlcNAc,b,D,p,10,2,GlcpNAc
G99129GB,unassigned,1,GlcNAc,x,D,x,0,0,GlcNAc
G99129GB,unassigned,3,GlcNAc,b,D,p,1,4,GlcpNAc
G99129GB,unassigned,5,Man,b,D,p,3,4,Manp
G99129GB,unassigned,6,Man,a,D,p,5,3,Manp
G99129GB,unassigned,7,GlcNAc,b,D,p,6,2,GlcpNAc
G99129GB,unassigned,9,Gal,b,D,p,7,4,Galp
G99129GB,unassigned,10,Man,a,D,p,5,6,Manp
