glytoucan_ac,residue_name,residue_id,name,anomer,absolute,ring,parent_id,site,formName
G00523PT,unassigned,1,GalNAc,o,D,x,0,0,GalNAc
G00523PT,unassigned,3,GlcNAc,x,D,p,1,x,GlcpNAc
G00523PT,unassigned,5,Gal,x,D,p,3,x,Galp
G00523PT,unassigned,6,Fuc,x,L,p,5,x,Fucp
G00523PT,unassigned,7,GalNAc,x,D,p,5,x,GalpNAc
