glytoucan_ac,residue_name,residue_id,name,anomer,absolute,ring,parent_id,site,formName
G01339HS,unassigned,1,HexNAc,x,x,x,0,0,HexNAc
G01339HS,unassigned,3,HexNAc,x,x,x,1,x,HexNAc
G01339HS,unassigned,5,Hex,x,x,x,3,x,Hex
G01339HS,unassigned,6,HexNAc,x,x,x,5,x,HexNAc
G01339HS,unassigned,8,Hex,x,x,x,6,x,Hex
G01339HS,unassigned,9,Hex,x,x,x,1,x,Hex
