glytoucan_ac,residue_name,residue_id,name,anomer,absolute,ring,parent_id,site,formName
G06893QX,unassigned,11,Gal,x,D,p,9,x,Galp
G06893QX,unassigned,1,GalNAc,x,D,p,0,0,GalpNAc
G06893QX,unassigned,3,GlcNAc,x,D,p,1,x,GlcpNAc
G06893QX,unassigned,5,Gal,x,D,p,3,x,Galp
G06893QX,unassigned,6,GlcNAc,x,D,p,5,x,GlcpNAc
G06893QX,unassigned,8,Gal,x,D,p,1,x,Galp
G06893QX,unassigned,9,GlcNAc,x,D,p,8,x,GlcpNAc
