glytoucan_ac,residue_name,residue_id,name,anomer,absolute,ring,parent_id,site,formName
G21523WH,unassigned,1,Gal,x,D,x,0,0,Gal
G21523WH,unassigned,2,Man,o,D,x,x,x,Man
G21523WH,unassigned,3,GlcNAc,x,D,x,x,x,GlcNAc
