glytoucan_ac,residue_name,residue_id,name,anomer,absolute,ring,parent_id,site,formName
G40737YL,unassigned,1,GalNAc,x,D,p,0,0,GalpNAc
G40737YL,unassigned,3,Gal,b,D,p,1,3,Galp
G40737YL,unassigned,4,Fuc,a,L,p,3,2,Fucp
G40737YL,unassigned,5,GalNAc,a,D,p,3,3,GalpNAc
G40737YL,unassigned,7,GlcNAc,b,D,p,1,6,GlcpNAc
G40737YL,unassigned,9,sulfate,n,n,n,7,6,sulfate
