glytoucan_ac,residue_name,residue_id,name,anomer,absolute,ring,parent_id,site,formName
G58837QJ,unassigned,1,GalNAc,x,D,p,0,0,GalpNAc
G58837QJ,unassigned,3,Gal,x,D,p,1,3,Galp
G58837QJ,unassigned,4,GlcNAc,x,D,p,3,x,GlcpNAc
G58837QJ,unassigned,5,Gal,x,D,p,4,x,Galp
G58837QJ,unassigned,6,Fuc,a,L,p,5,2,Fucp
