glytoucan_ac,residue_name,residue_id,name,anomer,absolute,ring,parent_id,site,formName
G83140GU,unassigned,11,NeuNAc,a,D,p,8,6,NeupNAc
G83140GU,unassigned,1,GalNAc,o,D,ol,0,0,GalolNAc
G83140GU,unassigned,13,NeuNAc,a,D,p,5,6,NeupNAc
G83140GU,unassigned,3,GlcNAc,b,D,p,1,3,GlcpNAc
G83140GU,unassigned,15,NeuNAc,a,D,p,1,6,NeupNAc
G83140GU,unassigned,5,Gal,b,D,p,3,4,Galp
G83140GU,unassigned,6,GlcNAc,b,D,p,5,3,GlcpNAc
G83140GU,unassigned,8,Gal,b,D,p,6,4,Galp
G83140GU,unassigned,9,GlcNAc,b,D,p,8,3,GlcpNAc
