glytoucan_ac,residue_name,residue_id,name,anomer,absolute,ring,parent_id,site,form_name,glycoct_index,limited_to,not_found_in,notes,who,evidence,comment
G02162DJ,unassigned,12,GlcNAc,x,D,p,N1,x,GlcpNAc,12
G02162DJ,N-glycan_a-L-Fucp_15,N15,Fuc,a,L,p,NA,6,Fucp,23,,,validated by Qrator,,PMID: 25165122
G02162DJ,unassigned,13,Gal,x,D,p,12,x,Galp,13
G02162DJ,unassigned,14,NeuNAc,x,D,p,13,x,NeupNAc,14
G02162DJ,N-glycan_a-D-Manp_4,N4,Man,a,D,p,NC,6,Manp,17,,,validated by Qrator,,PMID: 25165152
G02162DJ,unassigned,18,GlcNAc,x,D,p,N4,x,GlcpNAc,18
G02162DJ,unassigned,19,Gal,x,D,p,18,x,Galp,19
G02162DJ,N-glycan_core_D-GlcNAc_A,NA,GlcNAc,x,D,p,0,0,GlcpNAc,1,,,validated by Qrator,,PMID: 25165210
G02162DJ,N-glycan_core_b-D-GlcpNAc_B,NB,GlcNAc,b,D,p,NA,4,GlcpNAc,3,,,validated by Qrator,,PMID: 25165211
G02162DJ,N-glycan_core_b-D-Manp_C,NC,Man,b,D,p,NB,4,Manp,5,,,validated by Qrator,,PMID: 25165212
G02162DJ,N-glycan_a-D-Manp_1,N1,Man,a,D,p,NC,3,Manp,6,,,validated by Qrator,,PMID: 25165068
G02162DJ,unassigned,7,GlcNAc,x,D,p,N1,x,GlcpNAc,7
G02162DJ,unassigned,8,Gal,x,D,p,7,x,Galp,8
G02162DJ,unassigned,9,NeuNAc,x,D,p,8,x,NeupNAc,9
G02162DJ,unassigned,21,GlcNAc,x,D,p,N4,x,GlcpNAc,21
