glytoucan_ac,residue_name,residue_id,name,anomer,absolute,ring,parent_id,site,form_name,glycoct_index,limited_to,not_found_in,notes,who,evidence,comment
G18738PX,N-glycan_b-D-Galp_32,N32,Gal,b,D,p,N31,4,Galp,22,,,validated by Qrator,,PMID: 25165144
G18738PX,N-glycan_b-D-Galp_8,N8,Gal,b,D,p,N7,4,Galp,12,,,validated by Qrator,,PMID: 25165195
G18738PX,N-glycan_a-D-Manp_4,N4,Man,a,D,p,NC,6,Manp,13,,,validated by Qrator,,PMID: 25165152
G18738PX,N-glycan_b-D-GlcpNAc_5,N5,GlcNAc,b,D,p,N4,2,GlcpNAc,14,,,validated by Qrator,,PMID: 25165163
G18738PX,N-glycan_b-D-Galp_6,N6,Gal,b,D,p,N5,4,Galp,16,,,validated by Qrator,,PMID: 25165174
G18738PX,N-glycan_b-D-GlcpNAc_207,N207,GlcNAc,b,D,p,N6,4,GlcpNAc,17,,any organism,abiotic linkage,MT,,4-substituted GlcNAc ok but should be 3-linked
G18738PX,N-glycan_b-D-Galp_227,N227,Gal,b,D,p,N207,4,Galp,19,
G18738PX,N-glycan_core_D-GlcNAc_A,NA,GlcNAc,x,D,p,0,0,GlcpNAc,1,,,validated by Qrator,,PMID: 25165210
G18738PX,N-glycan_core_b-D-GlcpNAc_B,NB,GlcNAc,b,D,p,NA,4,GlcpNAc,3,,,validated by Qrator,,PMID: 25165211
G18738PX,N-glycan_core_b-D-Manp_C,NC,Man,b,D,p,NB,4,Manp,5,,,validated by Qrator,,PMID: 25165212
G18738PX,N-glycan_a-D-Manp_1,N1,Man,a,D,p,NC,3,Manp,6,,,validated by Qrator,,PMID: 25165068
G18738PX,N-glycan_b-D-GlcpNAc_2,N2,GlcNAc,b,D,p,N1,2,GlcpNAc,7,,,validated by Qrator,,PMID: 25165130
G18738PX,N-glycan_b-D-Galp_3,N3,Gal,b,D,p,N2,4,Galp,9,,,validated by Qrator,,PMID: 25165141
G18738PX,N-glycan_b-D-GlcpNAc_31,N31,GlcNAc,b,D,p,N4,4,GlcpNAc,20,,,validated by Qrator,,PMID: 25165143,PMID: 2525556 by MT.  GNT6 only makes penta-antennary; i.e. requires previous GlcNAc addition to 6-position of 6-linked Man (by GNT5).  Activity not yet detected in mammals.  Activity reported in chicken oviduct.  But even in chicken the triantennary glycan (4-substitution without 6-substititutioni) is not allowed
G18738PX,N-glycan_b-D-GlcpNAc_7,N7,GlcNAc,b,D,p,N1,4,GlcpNAc,10,,,validated by Qrator,,PMID: 25165185,Not a valid node
