glytoucan_ac,residue_name,residue_id,name,anomer,absolute,ring,parent_id,site,form_name,glycoct_index,limited_to,not_found_in,notes,who,evidence,comment
G23113ER,unassigned,11,Gal,b,D,p,9,4,Galp,11
G23113ER,O-glycan_core_a-D-GalpNAc_C,OC,GalNAc,x,D,p,0,0,GalpNAc,1,,,validated by Qrator
G23113ER,unassigned,12,GlcNAc,b,D,p,11,x,GlcpNAc,12
G23113ER,O-glycan_b-D-Galp_152,O152,Gal,b,D,p,OC,3,Galp,3,,,validated by Qrator
G23113ER,unassigned,14,Fuc,a,L,p,12,3,Fucp,14
G23113ER,O-glycan_a-D-NeupNAc_168,O168,NeuNAc,a,D,p,O152,3,NeupNAc,4,,,validated by Qrator
G23113ER,unassigned,15,Gal,b,D,p,12,4,Galp,15
G23113ER,O-glycan_b-D-GlcpNAc_157,O157,GlcNAc,b,D,p,OC,6,GlcpNAc,6,,,validated by Qrator
G23113ER,O-glycan_b-D-Galp_158,O158,Gal,b,D,p,O157,4,Galp,8,,,validated by Qrator
G23113ER,unassigned,9,GlcNAc,b,D,p,O158,x,GlcpNAc,9
