glytoucan_ac,residue_name,residue_id,name,anomer,absolute,ring,parent_id,site,form_name,glycoct_index,limited_to,not_found_in,notes,who,evidence,comment
G51783BY,unassigned,11,HexNAc,x,x,x,x,x,HexNAc,11
G51783BY,N-glycan_core_D-GlcNAc_A,NA,GlcNAc,x,D,p,0,0,GlcpNAc,1,,,validated by Qrator,,PMID: 25165210
G51783BY,unassigned,13,HexNAc,x,x,x,x,x,HexNAc,13
G51783BY,N-glycan_core_b-D-GlcpNAc_B,NB,GlcNAc,b,D,p,NA,4,GlcpNAc,3,,,validated by Qrator,,PMID: 25165211
G51783BY,unassigned,15,HexNAc,x,x,x,x,x,HexNAc,15
G51783BY,N-glycan_core_b-D-Manp_C,NC,Man,b,D,p,NB,4,Manp,5,,,validated by Qrator,,PMID: 25165212
G51783BY,N-glycan_a-D-Manp_1,N1,Man,a,D,p,NC,3,Manp,6,,,validated by Qrator,,PMID: 25165068
G51783BY,N-glycan_a-D-Manp_4,N4,Man,a,D,p,NC,6,Manp,7,,,validated by Qrator,,PMID: 25165152
G51783BY,N-glycan_a-L-Fucp_15,N15,Fuc,a,L,p,NA,6,Fucp,8,,,validated by Qrator,,PMID: 25165122
G51783BY,unassigned,9,HexNAc,x,x,x,x,x,HexNAc,9
