glytoucan_ac,residue_name,residue_id,name,anomer,absolute,ring,parent_id,site,form_name,glycoct_index,limited_to,not_found_in,notes,who,evidence,comment
G60875XB,N-glycan_a-D-Manp_19,N19,Man,a,D,p,N4,3,Manp,11,,,validated by Qrator,,PMID: 25165129
G60875XB,N-glycan_core_D-GlcNAc_A,NA,GlcNAc,o,D,ol,0,0,GlcolNAc,1,,,validated by Qrator,,PMID: 25165210
G60875XB,N-glycan_a-D-Manp_20,N20,Man,a,D,p,N4,6,Manp,12,,,validated by Qrator,,PMID: 25165131
G60875XB,N-glycan_core_b-D-GlcpNAc_B,NB,GlcNAc,b,D,p,NA,4,GlcpNAc,3,,,validated by Qrator,,PMID: 25165211
G60875XB,N-glycan_core_b-D-Manp_C,NC,Man,b,D,p,NB,4,Manp,5,,,validated by Qrator,,PMID: 25165212
G60875XB,N-glycan_a-D-Manp_1,N1,Man,a,D,p,NC,3,Manp,6,,,validated by Qrator,,PMID: 25165068
G60875XB,N-glycan_b-D-GlcpNAc_2,N2,GlcNAc,b,D,p,N1,2,GlcpNAc,7,,,validated by Qrator,,PMID: 25165130
G60875XB,N-glycan_b-D-Galp_3,N3,Gal,b,D,p,N2,4,Galp,9,,,validated by Qrator,,PMID: 25165141
G60875XB,N-glycan_a-D-Manp_4,N4,Man,a,D,p,NC,6,Manp,10,,,validated by Qrator,,PMID: 25165152
