glytoucan_ac,residue_name,residue_id,name,anomer,absolute,ring,parent_id,site,form_name,glycoct_index,limited_to,not_found_in,notes,who,evidence,comment
G69678RG,unassigned,11,GlcNAc,b,D,p,N4,x,GlcpNAc,11
G69678RG,N-glycan_core_D-GlcNAc_A,NA,GlcNAc,b,D,p,0,0,GlcpNAc,1,,,validated by Qrator,,PMID: 25165210
G69678RG,unassigned,12,Gal,b,D,p,11,x,Galp,12
G69678RG,N-glycan_core_b-D-GlcpNAc_B,NB,GlcNAc,b,D,p,NA,4,GlcpNAc,3,,,validated by Qrator,,PMID: 25165211
G69678RG,unassigned,14,GlcNAc,b,D,p,N4,x,GlcpNAc,14
G69678RG,unassigned,15,Gal,b,D,p,14,x,Galp,15
G69678RG,N-glycan_core_b-D-Manp_C,NC,Man,b,D,p,NB,4,Manp,5,,,validated by Qrator,,PMID: 25165212
G69678RG,N-glycan_a-D-Manp_1,N1,Man,a,D,p,NC,3,Manp,6,,,validated by Qrator,,PMID: 25165068
G69678RG,unassigned,17,NeuNAc,a,D,p,x,x,NeupNAc,17
G69678RG,unassigned,7,GlcNAc,b,D,p,N1,x,GlcpNAc,7
G69678RG,unassigned,8,Gal,b,D,p,7,x,Galp,8
G69678RG,N-glycan_a-D-Manp_4,N4,Man,a,D,p,NC,6,Manp,10,,,validated by Qrator,,PMID: 25165152
