glytoucan_ac,residue_name,residue_id,name,anomer,absolute,ring,parent_id,site,form_name,glycoct_index,limited_to,not_found_in,notes,who,evidence,comment
G72929XF,O-glycan_core_a-D-GalpNAc_C,OC,GalNAc,o,D,ol,0,0,GalolNAc,1,,,validated by Qrator
G72929XF,O-glycan_b-D-GlcpNAc_156,O156,GlcNAc,b,D,p,OC,3,GlcpNAc,3,,,validated by Qrator
G72929XF,O-glycan_b-D-Galp_539,O539,Gal,b,D,p,O156,4,Galp,5,,,not validated
G72929XF,O-glycan_b-D-GlcpNAc_577,O577,GlcNAc,b,D,p,O539,3,GlcpNAc,6,,,not validated
G72929XF,O-glycan_b-D-Galp_644,O644,Gal,b,D,p,O577,4,Galp,8,,,not validated
G72929XF,O-glycan_a-D-NeupNAc_719,O719,NeuNAc,a,D,p,O644,6,NeupNAc,9,,,not validated
