glytoucan_ac,residue_name,residue_id,name,anomer,absolute,ring,parent_id,site,form_name,glycoct_index,limited_to,not_found_in,notes,who,evidence,comment
G98925GS,O-glycan_a-L-Fucp_548,O548,Fuc,a,L,p,O157,3,Fucp,11,,,not validated
G98925GS,O-glycan_core_a-D-GalpNAc_C,OC,GalNAc,o,D,ol,0,0,GalolNAc,1,,,validated by Qrator
G98925GS,O-glycan_b-D-Galp_158,O158,Gal,b,D,p,O157,4,Galp,12,,,validated by Qrator
G98925GS,O-glycan_a-D-NeupNAc_159,O159,NeuNAc,a,D,p,O158,3,NeupNAc,13,,,validated by Qrator
G98925GS,O-glycan_b-D-Galp_152,O152,Gal,b,D,p,OC,3,Galp,3,,,validated by Qrator
G98925GS,O-glycan_b-D-GlcpNAc_153,O153,GlcNAc,b,D,p,O152,3,GlcpNAc,4,,,validated by Qrator
G98925GS,O-glycan_b-D-Galp_555,O555,Gal,b,D,p,O153,4,Galp,6,,,not validated
G98925GS,O-glycan_a-D-NeupNAc_647,O647,NeuNAc,a,D,p,O555,3,NeupNAc,7,,,not validated
G98925GS,O-glycan_b-D-GlcpNAc_157,O157,GlcNAc,b,D,p,OC,6,GlcpNAc,9,,,validated by Qrator
